A_r=[0 0 -17.9;1 0 -17.7;0 1 -4.41];
B_r=[38.6 379 89];
C_r=[0;0;1]';
D_r=0;

v=